1
1
1
1
1
1
1
1
1
1
1
1
1
1
1
1
1
1
1
1
1
1
2
1
1
1
2
1
1
2
1
1
1
1
1
1
1
1
1
1
1
1
1
1
1
1
1
2
1
1
1
1
2
2
1
1
1
2
1
1
1
1
1
1
1
1
1
1
2
1
1
2
1
1
1
1
1
1
1
1
1
1
1
1
1
1
1
1
1
2
1
1
1
1
1
1
1
1
1
1
1
1
1
1
1
2
2
2
1
1
1
1
1
1
1
2
4
2
2
3
2
1
2
3
2
2
2
2
1
2
2
2
1
1
2
1
1
2
2
4
2
3
2
1
1
1
2
3
2
2
2
2
1
2
1
2
4
1
1
1
1
2
2
3
4
1
2
2
2
2
1
2
1
1
6
4
1
2
2
2
2
2
2
2
6
4
3
1
6
2
3
4
2
3
2
2
6
3
1
2
4
2
6
4
2
4
3
2
6
1
4
9
6
3
8
3
3
12
8
6
1
1
9
12
1
1
1
1
1
1
1
1
1
1
1
1
1
1
1
1
1
1
1
1
1
1
1
1
1
1
1
1
1
1
1
1
1
1
1
1
1
1
1
1
1
1
1
1
1
1
1
1
1
1
1
1
1
1
1
1
1
1
1
1
1
1
1
1
1
1
1
1
1
1
1
1
1
1
1
1
1
