       1
       1
       1
       1
       2
       1
       1
       1
       1
       1
       1
       1
       1
       1
       2
       1
       1
       1
       2
       1
       0
       1
       2
       1
       1
       1
       6
       3
       3
       1
       3
       2
      20
       2
       5
       1
       2
       2
       2
       2
      20
       2
       2
       2
       2
       2
       1
       2
       6
       2
       2
       6
      21
       6
       6
       2
       6
       1
       2
       2
       2
       2
       2
       6
       2
       2
       6
       2
       1
       6
       6
       2
       2
       6
       2
       2
       1
       2
       2
       1
       3
       2
       2
       1
       2
       2
       1
       1
       2
       2
       1
       2
       2
       1
       2
       2
       2
       1
       2
       2
       2
       1
       1
       2
       2
       1
       2
       1
       2
       2
       1
       1
       1
       1
       2
       2
       2
       1
       2
       1
       2
       2
       2
       2
       1
       2
       2
       1
       3
       1
       3
       1
       1
       1
       1
       1
       1
       2
       1
       1
       1
       1
       6
       1
       1
       1
       1
       5
       2
       2
       1
       3
       2
       2
       2
       1
       1
       1
       2
       2
       5
       2
       2
       2
       2
       2
       2
       2
       1
       2
       2
       2
       6
       2
       2
       2
       2
       2
       2
       1
       2
       2
       2
       6
       2
       2
      20
       2
       2
       2
       1
       6
       2
       6
       2
       6
       6
       2
       2
       6
       2
       1
       2
       2
       1
       2
       1
       2
       2
       2
       1
       2
       1
       2
       2
       1
       2
       1
       2
       2
       1
       2
       1
       1
       1
       2
       2
       1
       2
       2
       2
       2
       2
       2
       1
       1
       2
       2
       2
       2
       2
       2
       2
       2
       2
       2
       1
       2
       6
       2
       2
       2
       2
       6
       6
       2
       2
       1
       2
       1
       1
       3
       3
       1
       1
       5
       1
       3
       1
       1
       3
       3
       3
       3
       1
       1
       1
       6
       1
       1
       5
       3
       3
       2
       3
       1
       1
       3
       1
       1
       1
       3
       6
       1
       3
       1
       3
       3
       3
       3
       3
       1
       3
       1
       1
       3
       3
       3
       6
       3
       6
       3
       1
       1
       3
       3
       5
       2
       3
       3
       5
       3
       6
       2
       1
       3
       1
       1
       3
       1
       1
       3
       1
       3
       1
       1
       3
       1
       1
       1
       3
       6
       1
       6
       3
       1
       1
       3
       1
       3
       1
       3
       1
       1
       1
       1
       1
       1
      20
       1
       3
      20
       1
       2
       1
       1
      21
       1
       1
      16
       1
       1
       1
       1
       1
       1
       1
       1
       1
       1
       1
       1
       1
       1
       1
       1
       1
       1
       1
       1
       1
       1
       1
       1
       1
       1
       2
       1
       2
      20
       2
       1
       2
       2
       2
       2
       2
       2
       2
       1
       2
       1
       1
       1
       2
       2
       1
       2
       2
       2
       2
       1
       1
       1
       1
       1
      18
       2
       2
       2
       1
       1
       2
       1
       1
       1
       2
       2
       2
       2
       2
       2
       2
       2
       6
       1
       1
       2
       6
       2
       1
       2
       2
       2
       2
       1
       2
       1
       1
       2
       2
       2
       2
       6
       1
       3
       1
       1
       1
       3
       1
       1
       1
       1
       1
       1
       1
       2
       2
       1
       1
       1
       2
       1
       2
       1
       1
       4
      20
       2
       1
       2
       1
      16
       2
       1
       2
       1
       1
       1
      79
       1
       1
       4
      20
      20
       1
       4
       4
      66
       4
       4
       1
      20
       2
      20
      20
       3
       5
       2
      72
       3
       2
       1
       2
       2
       1
      20
      16
      21
       1
       1
       5
       2
       1
      20
       2
       1
       1
      60
       1
      16
       3
       2
      16
       1
      16
       2
       1
       1
       1
       4
       2
       3
       3
       2
       1
       1
       1
       2
       1
       1
       1
       2
       1
       1
       1
       1
       1
       1
       4
       2
      20
       4
       2
      20
       2
       1
       1
       1
      20
       4
       4
       2
       2
       1
       1
       1
      16
       2
       1
       2
       1
       0
       1
       5
       1
       2
       1
       1
       2
       1
       2
       1
       1
       1
       1
       4
      20
       2
      79
       4
       1
      76
       4
       4
      20
       3
      20
      20
       3
       5
       4
       1
       4
      20
       4
      12
       4
       4
       4
       4
       4
       4
       1
       3
       2
       3
       4
       3
      20
      21
       2
       1
       2
       1
       1
      20
       2
       1
       2
       2
      20
      67
      20
      20
       1
      21
       3
       2
      21
      21
       3
       2
       2
       3
       2
       1
       1
       2
      20
       2
       1
       5
       2
       2
      20
       2
      21
       1
       3
       4
       2
       1
       2
       2
       3
       2
       3
       3
       1
       2
       2
       3
       2
       3
       4
       4
       3
       4
       2
       1
       2
       2
       2
       2
       2
       2
      18
       2
       2
       2
       1
       2
       2
       2
       2
       2
       3
       2
       1
       2
       1
       1
       1
       5
      20
       2
       1
       1
       2
      16
       1
       3
       1
      21
       2
       2
       1
       1
       2
       1
       1
       0
       3
       1
       4
       2
       1
       4
       1
       3
       1
       2
       4
      81
       1
       6
       4
       4
       4
      20
       2
       2
      28
       2
      83
       1
      20
      20
      20
       2
       2
       2
      22
       4
      28
       4
       1
       1
       4
      20
       5
      20
      10
       4
       4
       4
       4
       4
       1
       4
      20
       3
       2
       2
       2
      28
       2
      20
       3
       1
      21
       4
       2
       2
      14
       2
       2
      21
       4
      21
       1
       2
       3
       2
       3
       2
       2
       2
      20
       5
      54
       1
       2
       2
       2
       2
       2
       2
       4
       4
      20
       2
       1
       2
       2
       2
       2
       2
       2
       2
      21
       2
      18
       1
      17
       2
       4
       2
       2
       2
       1
       2
       3
       2
       1
       4
       2
       2
       1
       4
       4
       2
      20
       2
       2
       2
       2
       2
       2
       4
       2
      20
       2
      28
       4
       4
       1
       4
       4
       4
       2
       2
       1
       2
       2
       2
      14
       1
       1
      21
       2
       5
       2
       2
       2
       2
       2
       1
       3
       1
       2
       2
       4
       2
       2
       2
       5
       2
       2
       2
       1
       2
       2
       2
      20
       2
       2
       2
       1
      20
       5
       1
       2
       3
       5
       2
       1
      10
       1
      20
       3
       5
       1
      20
      20
       5
       2
       2
       2
      20
       5
       2
       3
       1
       6
       1
       5
      20
       3
       4
       4
       0
       2
       5
       1
       3
       5
       3
       3
       5
       6
       3
       5
       3
       5
       1
       5
      20
       5
       3
       5
       5
      20
       2
       3
       3
       1
       3
       3
      28
       6
      28
       5
       3
       5
      20
       5
       1
       2
       3
       3
       5
       3
      28
       5
       3
       5
       2
       1
       1
       3
       5
       3
       1
       3
       5
       5
       3
       3
       2
       1
       3
       5
       5
       2
       5
       3
       3
       3
      20
      22
       1
       5
       3
      20
      19
       3
       3
       6
       3
       5
       6
       1
       5
       3
       5
       3
       3
       3
       3
       3
       1
      20
       1
       1
       1
       3
       2
      19
       1
      16
       2
       2
       1
       1
       2
       4
       4
      10
       5
      21
       5
       9
      10
      21
       1
       2
      21
      81
      21
      21
       2
       2
       2
       2
      72
       1
       2
       2
       2
       2
       0
      22
      23
       2
       2
       0
       1
      23
       0
       0
       3
      23
      21
       3
       3
       4
       3
       1
      12
       3
       4
       4
       4
      20
       3
       2
       2
       2
       1
       1
       1
      20
      21
       3
       3
       4
       3
       3
       3
       2
       2
       1
       3
       2
      18
       2
       2
       2
       2
       2
       2
       2
       1
       2
       3
       4
       3
       3
       2
       3
      19
       2
       4
       1
      10
       5
       1
      10
       2
       4
       2
      21
       2
       2
       1
      28
       5
       4
       0
       2
      21
       2
       2
       4
      23
       1
       2
       4
       0
       2
      22
       4
      20
       2
       4
       3
       1
       4
       4
       4
      21
       2
       4
       3
       2
       4
       4
       1
       2
       2
      23
      16
      18
      16
       0
      14
       4
       2
       1
       2
       4
       2
       2
      21
      10
       6
      20
       5
       5
       1
      20
      76
      20
      20
       5
      20
       5
       5
       5
       5
       1
       1
       6
      20
       5
       5
      20
       5
      20
      20
       5
       6
       1
      20
       5
       3
      21
      24
      23
       3
       3
       5
       4
       1
      21
       3
      23
      21
      21
      22
      24
      22
       5
       6
       1
       5
      28
       4
       5
      21
       5
       3
      23
       3
      23
       1
       5
       3
       3
       5
      20
       5
       1
      20
       2
       3
       1
      20
       5
       3
       3
       3
       5
       6
       5
       3
       5
       1
      28
       5
       6
       3
       3
       3
       5
       2
       3
       5
       1
      20
       3
       5
      20
      20
      22
       5
       3
       3
       3
       1
       2
       3
      16
       3
       3
       5
       5
       2
       2
       1
       1
       4
       2
       2
       2
       2
      21
       2
       2
       0
       3
       1
       1
       0
       3
      21
       2
       2
      23
      23
      21
       0
       3
       1
       4
       4
       3
       2
       2
       3
       3
       3
       2
       2
       1
       2
      10
       1
       5
       2
      10
       5
       5
       5
       2
       1
       2
       3
      20
       5
       5
       5
       2
       3
       3
       3
       1
      20
      28
       5
       2
       5
       5
       6
       6
       5
      20
       1
       5
       5
       5
       5
       5
       6
       6
       6
       5
      20
       1
       5
       5
      28
       5
      24
       5
       5
      22
      21
       6
       1
      20
       5
      20
      24
      23
      20
       5
      20
       5
      20
       1
      20
       5
       6
      20
      22
       3
      24
      23
      22
      21
       1
      23
      23
       3
      23
      20
       5
       5
       6
       3
       3
       1
       1
       3
       5
       3
       3
       3
       5
       5
       2
       1
       5
       1
       5
       2
       4
       2
       3
       5
       6
       3
       3
       5
       1
       5
       5
       5
       2
       5
       3
       6
       3
       5
       5
       1
       5
       2
       5
       5
       5
       5
       6
       5
       5
       2
       1
       3
       5
      20
       5
      20
       2
      28
       3
       6
       6
       1
      20
       5
      24
      20
       5
       6
      20
      20
       3
       3
       1
       1
       5
      10
       5
       6
      16
       7
       3
       1
       5
       1
       4
       5
       5
       4
      10
      21
       5
      11
       5
       5
       2
      11
      10
      14
       0
       5
       9
      14
       7
       1
      10
       1
       5
       4
      11
       4
      21
      16
      10
       0
       4
       5
       1
       1
      11
       5
      10
       6
      10
      21
       4
      16
       3
      10
       1
      16
      10
       5
       4
       4
      10
       5
      21
       5
       4
       1
      10
       5
       1
      10
      21
      10
       6
       5
       1
       1
       1
       1
       1
       2
       1
       1
      20
       1
      16
       4
      20
       1
      98
      20
      20
       3
      20
       2
       2
      22
       3
      79
       1
       3
       3
      20
      20
      20
       2
       1
       1
       2
      20
      16
      76
      21
      21
      21
       2
       4
       2
       2
       2
       4
       1
      20
       4
       4
       3
      20
      21
       3
      20
       4
      20
       1
       2
       3
       2
      20
       2
       2
       2
       2
      28
      28
       1
       2
       3
       2
      21
       4
      20
       2
       4
       4
       2
       1
       1
       1
       5
       1
       1
       5
       6
       1
       5
       1
       5
       1
       5
       3
       5
      20
       5
      20
      20
      20
       6
       3
       1
      28
       5
       5
       4
       5
      20
       5
       1
      20
       2
       1
       3
       3
       3
       3
      22
       2
       2
      20
      20
       2
       1
       3
       2
      21
       2
      21
       2
       2
       0
       3
       4
       1
       3
      18
       5
       5
      24
       6
      24
       5
       1
       5
       1
       5
       6
       5
       5
      28
      20
      20
      28
      20
      20
       1
       5
      20
      21
       3
       5
       2
       5
       5
       5
      18
       1
      24
       5
       2
       3
       5
      20
       5
       1
      20
      20
       1
      21
       4
       1
       1
       1
       5
       6
       1
       3
      20
       1
       1
       3
       1
       5
       1
       1
       1
      79
       3
       3
       4
       2
      66
      10
       2
       2
       2
      90
      45
      72
       3
       2
       1
      59
       2
       4
       2
       1
      60
      75
       1
       1
      65
       1
       1
       1
       2
       1
       3
       3
       1
       1
       1
       1
       1
       1
       1
      79
       6
      15
      79
     349
      79
      79
       9
       1
      10
       4
      79
      66
      76
       3
     116
       2
      88
     106
       1
       3
       4
       4
     332
       4
       4
      66
      12
      10
      66
       1
      66
      10
       2
      88
     100
       2
      92
       6
      72
      35
       1
       4
       3
      72
     306
      72
      72
      72
       3
       3
       3
       1
      68
      44
      59
       2
      60
      97
      90
      67
       2
     110
       1
       1
     101
       2
      45
       3
       2
      68
       5
       2
      60
       4
       1
      60
      60
       2
      95
      79
       6
      78
      53
       3
      53
       1
       3
       3
      12
       3
       3
       3
       3
       2
       2
       1
       1
       2
       2
       1
       3
       2
       2
       6
       4
     102
       4
       1
      79
      12
      79
       4
       4
       4
      66
       4
       3
       4
       1
       2
       4
      81
       6
       4
       4
     123
       5
     115
       4
       1
      83
       2
       2
       2
       2
      82
       4
       4
       4
      72
       1
      10
      10
       4
       0
       3
       4
       4
      83
       2
       4
       1
      60
       2
       4
       2
      75
       2
       4
      58
       4
       2
       1
       2
       3
       4
       3
       2
      54
       2
       2
       2
      79
       1
       1
      76
      10
       6
       3
       5
      88
       6
      79
     280
      79
       1
      79
      76
      12
      74
      76
      76
       9
       3
      90
      90
       1
       3
       6
       6
      12
      79
      10
      76
      10
       6
       8
       1
       3
      12
      10
      12
      12
      10
      12
      12
      10
       6
       1
      84
      15
       3
      67
     121
     106
       3
       3
     114
       4
       1
       3
      10
       3
       5
       5
       2
       3
      84
      67
     100
       1
      88
      67
      67
      92
     113
      92
       9
     127
      59
       6
       1
      15
      68
      70
       5
     124
       4
       5
      67
       5
       6
       2
       5
     106
       5
       6
      74
       6
      86
      10
      12
       3
       1
       2
       3
      68
       5
       3
       5
      24
       2
       2
       6
       1
       1
      59
      88
       9
       6
       6
       2
       5
       2
       6
       6
       0
     113
       4
       4
       2
      86
      81
       2
       4
     105
      10
       1
      79
     101
       4
      54
      66
      92
       2
     100
       4
      72
       1
       3
      59
      75
       2
       2
      78
       2
      60
      78
      53
       1
       9
      10
       4
       2
       4
       2
       4
       2
      81
       2
       1
       2
       2
      72
       0
       0
       2
       0
       0
       6
       3
       1
       4
      12
       3
       3
       2
      81
       6
      10
     100
      10
       1
     332
      81
      81
      81
       6
       6
       6
      88
      15
     100
       1
      83
     104
     123
     108
       5
      82
       4
      88
       4
     127
       1
      83
      83
      83
     102
     115
     120
      72
      10
      82
     106
       1
       1
       1
      10
      12
     117
      10
      79
       9
      76
       6
       3
      90
       1
      10
      10
      10
     105
      18
     105
      54
      12
      10
      84
       1
       5
     145
       5
     124
       5
     132
      92
      67
     127
      68
       1
      74
      10
      74
      99
      86
      54
      72
       6
       5
       5
       1
       6
       5
       6
       5
      76
      54
      54
      82
      81
       6
       1
      69
      10
      45
      15
      82
      58
       5
      79
       6
       5
       1
       5
       0
       6
       2
       6
       6
      10
       4
     104
       5
       1
       3
       5
       2
       6
      10
      81
      10
       8
       8
       6
       1
      10
      89
       5
       6
      83
       5
       5
       5
      86
       5
       1
      10
      81
       6
     100
       5
       6
     155
      83
     120
      82
       1
       1
      10
       4
      10
      10
      10
      10
     105
      10
       5
       2
       1
       3
       5
      74
       5
       3
       5
       5
       2
      10
      74
       1
       3
     102
       5
       6
       5
       6
       3
       6
      54
       5
       1
      12
       5
      10
       5
      79
      54
       6
      45
       1
      10
       1
     100
       8
       9
      90
      10
      59
       8
      10
       2
      10
       2
      10
      10
      10
      10
      10
     116
     106
       6
     100
      59
       1
       6
      59
       8
      11
     102
      14
       0
      10
      14
      14
       1
       7
      82
      10
       6
      88
       6
      10
      19
      84
     113
       1
      16
      16
     105
      10
      10
     100
      59
      10
       9
      10
       1
     127
      10
      16
       3
      10
      16
      10
      10
      10
      10
       1
       1
      88
       6
      89
       6
      10
      10
      19
      10
      10
       6
       1
      92
      84
       9
      92
       6
       6
     110
     114
       2
       2
       2
      85
       4
       4
       2
      98
      93
      82
       2
      82
       4
       1
      10
      88
      10
       4
      66
      68
      72
      86
      12
      80
       1
      95
      53
      79
      60
       3
       3
       6
       4
       3
       6
       1
      41
       3
      45
       2
      59
       4
       5
      49
       4
      48
       1
      38
       9
      10
       9
     349
       9
      10
      10
      10
     121
       1
      81
      97
     118
      90
       5
       5
      81
     106
     127
      81
       1
      81
      89
      90
     118
      10
      72
     124
       6
       5
      72
       2
      72
      72
     124
      85
      12
     105
      92
     117
     101
       4
       1
       1
     114
     106
       5
     106
      90
       6
       0
     113
      10
      12
       1
      90
       9
      79
      76
      12
      84
      12
      12
       6
      10
       1
      12
      12
       9
      84
      70
     100
     113
      59
      88
      92
       1
      67
      86
      74
       7
       6
      74
       9
      59
      59
      68
       1
      88
       2
       6
      55
       4
      55
      12
      71
       3
       4
       1
      55
      48
       5
     112
      10
       5
       5
      12
       9
      10
       1
      10
      10
     104
       5
      12
      81
       5
     118
       6
       5
       2
       4
     115
     115
     102
      86
       0
      12
      10
     129
       4
       1
      10
      72
       5
      92
       6
      99
      10
      88
      15
      81
       1
       6
     112
     102
      72
     115
      10
      83
      15
     105
      10
       1
       1
      18
      12
      10
      99
       6
      74
      10
      92
      82
      69
       1
      81
      10
      54
      62
      62
      79
      71
      65
       3
       4
       1
       5
      38
      12
      76
      90
     106
      12
       9
      16
      10
       1
      76
      13
      88
      76
      76
      88
      90
      97
      12
      19
       1
      19
     123
      14
      19
      76
      14
      12
     106
      12
      88
       1
      19
     113
      78
     114
     110
      81
      85
      10
      19
     121
       1
      97
      88
     106
      92
     118
       8
     115
      16
      78
      10
       2
      84
      10
     116
      59
     106
       6
      10
      10
      88
       8
       1
       6
      88
     127
       6
      10
       9
      10
      10
      11
       8
       1
      10
      88
      10
      10
      10
       5
       2
       5
       2
     108
       1
       1
       3
     129
      10
       5
       0
       9
      10
      10
     101
       5
       1
     117
       6
      12
      89
      81
      10
       5
       5
      10
      72
       2
      12
       9
      10
      81
      89
       0
       9
      10
     106
      90
       1
     127
     118
      81
     124
      85
      72
       9
     106
     106
      90
       1
      84
      10
      12
      12
       6
      12
      10
      86
      74
       6
       2
      55
       4
      10
      90
      18
      16
      12
       5
      10
      10
       1
      10
      90
     110
      19
       5
      12
     102
     123
      10
      85
       1
     101
      14
       6
      14
      12
     123
     102
     124
      10
      19
       1
     110
      16
     114
      16
      19
      88
      76
      19
      90
      18
       1
      90
     114
      88
     112
      16
     108
     101
     106
      85
      88
       1
       1
     116
      90
      88
      97
      76
      88
     106
      12
     106
      13
       1
     118
     121
      97
     109
      10
      88
       6
      16
      10
       5
       1
       2
      10
      10
     115
       8
      19
      12
      10
      14
      19
       1
      10
       9
      14
      10
     104
      12
      13
      19
      10
      16
       2
      10
      19
      10
      19
      12
       9
     104
     115
     102
      16
       1
       5
      10
      16
      90
      10
      90
       5
     110
      10
     112
       1
       6
      12
     123
     114
      90
      18
      85
     106
      12
      48
       1
      38
      39
      27
      72
      14
      60
       4
      24
      48
      38
       1
       4
      48
      34
       4
      81
      24
      52
      60
      27
      48
       1
      49
      40
      81
      72
      48
      38
      39
       5
      49
       4
       1
       1
      48
      38
      48
      38
       6
      90
      88
       4
       4
      89
       1
       6
     116
      88
       2
      90
       3
       3
       2
       3
     106
       1
      97
     110
     101
      79
       4
      66
       2
      72
      60
       4
       1
     414
       4
      98
       6
       5
      98
      98
      90
       3
       3
       1
       3
      90
      88
     121
     106
     112
      68
      92
      58
      79
       1
      79
       6
       5
      79
      79
      90
       3
     121
     100
       3
       1
       3
       3
     127
     118
     114
      76
      76
      76
     121
       3
       1
     113
      10
      88
      12
      10
       6
     106
     114
     124
      79
       1
      76
       3
      12
      67
      12
       4
      10
      98
      10
      68
       1
       0
       3
      10
     104
       5
      12
      79
       5
      72
       5
       1
       1
     117
     100
     123
      82
     117
     145
      10
     108
       4
      10
       1
      76
       5
      81
       6
      83
      10
       1
     100
       8
      10
       1
      11
      10
     121
      90
      10
     105
     100
       9
      59
     116
       1
     113
      90
       8
     102
      16
      10
       9
      10
      90
      98
       1
       3
       6
      97
       5
     118
       6
     117
      90
      79
     100
       1
      59
       5
       5
     101
      76
     113
      59
       9
      10
      81
       1
      72
      12
      90
      84
      90
     114
      10
     106
      16
     123
       2
     110
     116
      76
      16
       5
      10
      16
      90
      10
       4
       1
       5
       4
      98
       6
       3
       3
       5
     121
      79
       3
       1
      76
       1
     100
       9
       9
       1
      24
      15
     506
     349
       1
       1
     461
     427
       9
       6
      12
     485
      12
       7
     332
     515
       1
     483
       4
       4
     352
       4
     361
     402
       2
     430
       2
       1
      10
      12
     306
     427
     475
     464
       4
     235
       4
     276
       1
       4
     255
     443
       4
       4
      10
       3
     359
     372
     319
       1
       2
     329
       4
     309
       2
       4
     232
      12
     216
       4
       1
       4
       6
       4
       3
       4
       3
      15
      24
     349
     472
       1
     394
       9
       9
      15
    1748
      15
     349
     480
     432
     349
       1
     349
     394
       9
       9
       7
     506
     332
     469
     571
     439
       1
     280
      12
     515
     479
      10
     416
     328
     505
       4
     344
       1
       3
     332
      18
      25
     332
     332
      19
     461
     502
      36
       1
       1
       1
     425
       9
     359
     394
     306
     679
     555
     551
      12
       9
       1
      10
       6
       6
     282
     306
     306
     306
     579
     461
     526
       2
     235
      12
     235
     222
     402
     350
     640
     472
       4
     557
       1
     477
       5
     528
     276
       5
     377
      18
     410
     348
       6
       2
     378
     406
     245
      10
      12
     282
       9
      12
      10
      12
       2
      12
      12
      15
     305
      12
     216
     210
       6
       5
       6
       2
       6
      30
     471
      18
     554
      20
     479
      10
     602
       3
       2
     396
       3
      36
      15
      30
     349
      30
      20
      24
       9
       1
      20
     490
      10
      24
     332
      10
     481
      10
     651
      12
       6
     573
       8
     332
      10
      10
       6
       6
     359
     543
     506
       1
       1
     466
     542
      13
     831
       6
       6
     359
     256
      20
     584
       2
       8
      20
     306
      10
      25
      10
     415
      10
     361
       6
       1
     488
      10
     301
     326
      15
      10
       6
     260
     200
     391
       1
      10
       6
      18
      12
      10
       6
       6
      24
     280
     506
       1
     556
      24
      18
     483
      20
     272
     394
       8
     344
       4
       1
     280
     480
     432
     280
     280
     394
     506
     534
      33
     464
       6
      18
     282
      24
      38
     662
      28
      38
     280
      28
     513
       1
      20
      30
     427
      36
     394
      57
      40
     472
     427
     542
       1
     557
     421
     659
      10
     639
      10
      10
      16
     378
     222
       1
     472
     350
     394
     505
     676
     346
     600
       8
     730
      16
       1
       1
     394
     394
      10
     352
      10
     328
     222
     444
       6
      16
       1
       6
     394
       9
       6
      30
      30
     570
     484
     305
       6
       1
     402
      10
     571
     464
       8
       8
     526
     582
     490
     640
       1
     504
      10
      13
     394
     415
      30
      30
     394
     349
       9
       2
     480
     472
      10
     607
      12
     662
      19
     332
     425
     359
       1
      10
      10
     470
     306
     526
     235
       9
      10
     372
     366
       1
     378
       9
      10
      18
      10
      10
     349
     330
     276
     456
       1
     416
      12
     320
      10
      12
      12
     232
      10
      12
      10
       1
      10
       0
      12
      12
      12
      12
     332
     535
     570
     512
       1
      24
     255
      16
     378
      20
     464
     332
     332
     332
     583
       1
       2
     607
     571
     258
      36
     255
     378
     526
     856
     582
     662
       1
     494
     726
     407
     343
     456
     377
     526
     543
     602
     730
       1
     513
      38
     640
      32
     701
      32
     680
     394
     280
     464
       1
     282
     402
      54
     402
     639
     394
     622
      16
     726
     528
       1
     505
     372
     350
     416
     361
     453
     368
      16
     344
      19
       1
      16
      16
     284
     421
     344
     280
     344
       6
     512
      20
       1
      16
      20
       6
      24
     490
      10
     773
      12
     745
      12
       1
     450
      16
     564
      28
      38
     332
      28
      37
      20
     394
       1
      20
     522
      12
     552
      19
     481
      32
      32
     662
     332
       1
     571
     255
      18
     745
     831
     602
      32
      10
      20
      32
       1
       2
     402
      10
     460
       6
     463
      12
      16
      19
      16
      10
       1
     400
     466
     396
      18
     430
     284
      48
     506
     461
      27
       1
     485
      24
     402
      21
      38
     255
      24
     480
      38
       7
       1
     480
     505
      21
     471
      24
     602
      60
     359
     394
      49
       1
      66
     571
     526
     480
      38
      39
      18
     504
       7
     394
       1
      38
     394
      30
     598
     509
      20
      10
     639
      10
     607
       1
     639
     512
     484
     463
     642
      10
       9
      10
     461
     551
       1
     464
     598
     436
      24
     491
       4
     493
      10
       0
     473
       1
       9
     413
     412
      18
     432
      15
     349
     394
     559
      18
       1
     461
       9
      25
     502
     332
     346
     579
     235
     461
     306
       1
       1
      15
     528
     245
     410
     348
      19
      15
     305
      12
      17
       1
     258
     294
     229
     307
       3
      24
      20
     109
      40
     349
       1
     586
     525
      36
      32
     349
     620
     349
     349
      40
     525
       1
     509
      57
     583
     534
     627
     570
     570
     368
     483
     553
       1
      14
     535
     651
     444
     471
     600
     579
     555
     475
     892
       2
     620
      19
     679
     427
     485
     659
     671
     553
       8
     494
       1
     477
     556
      44
     482
     480
     506
      18
     432
     534
     280
       1
     394
     427
      17
      30
     427
     559
     627
     222
     472
     350
       1
      36
     346
     378
      10
      20
      36
     231
     629
      36
      32
       1
      20
     644
     479
     460
     508
      24
      19
      57
     624
      28
       1
       1
      57
     349
      28
     608
      24
     522
      38
     502
     671
     416
       2
     436
      20
      19
     508
     391
     773
     542
     642
      16
     640
       1
      32
     444
     559
     583
     258
     607
      36
     332
     644
     326
       2
     526
     543
     639
      36
     402
      54
     372
     402
     276
     416
       2
     361
     347
      16
     506
     427
     464
     515
     361
     427
      35
       1
      60
     506
     469
     328
     472
     350
     651
      38
     543
      60
       1
     427
      49
     509
     305
     607
     461
     534
     502
      18
     620
       2
      21
     480
      38
      48
      38
      48
      27
      32
      10
     479
       1
      10
     755
     671
      38
      18
      24
      20
     491
      28
      28
       1
      40
     624
     564
     584
       0
     622
      32
      32
      57
      40
       1
       1
     349
      57
     636
      36
     512
     573
     471
      32
     464
     443
       1
     485
     405
     620
     525
     509
     349
     729
     629
     535
     651
       1
     639
     679
     427
     535
      40
      57
     394
     427
      30
     461
       1
     515
      39
     483
     475
      60
      21
      38
      48
     515
     461
       2
     557
      21
     554
     570
     582
     472
      27
     662
     598
      66
       1
     512
     551
     472
     483
     479
      68
     586
     506
     469
      48
       6
     571
      39
      27
     464
      24
      60
      38
     479
      21
     490
       1
      34
      21
     484
      38
      52
      60
      27
     490
      40
     484
       1
     464
     461
     479
      39
     598
      21
      48
     515
     554
     483
       1
     109
     349
      58
     332
     159
      58
      81
     332
     349
     109
       1
       1
      30
     504
     508
       9
      30
      12
     620
     394
      15
     586
       1
     598
     344
     282
     216
       3
     729
     636
     372
     236
     320
       2
      24
     394
     506
     439
     416
     679
     402
      10
       9
       9
       1
       9
     622
     472
     469
     515
     571
     555
     640
     479
       4
       1
     551
     472
      15
     349
       9
     332
     306
     414
      30
     414
       1
     414
      20
     660
     710
     272
     600
     272
     272
     432
     559
       1
     556
     554
     453
     671
     622
      16
     407
     276
      24
     506
       1
     272
     480
     472
      10
     464
     571
     483
     898
      20
     701
       1
     506
     464
     506
     542
     556
     483
       8
     662
     557
     280
       1
      57
     670
      28
      57
     414
      28
     382
      20
     535
      24
       1
       1
     526
      38
     350
     755
     456
     598
     607
     570
     255
     856
       1
     640
     512
      16
     582
      32
     332
      48
      49
      40
     583
       1
     579
     506
     461
     668
      32
      32
     622
      20
     414
     600
       1
      18
     586
      36
     570
     555
     480
      32
     570
     475
     506
       1
     349
     464
     515
      39
      30
      30
     660
     272
     710
     414
       1
      24
     506
      18
     120
    2775
      60
      36
      45
    1748
    3101
       1
    2947
    2814
    2181
    2786
    2475
    1974
    1647
       9
       3
    3658
       1
      27
    2710
      30
    2693
      12
    1814
       9
    2903
    2623
    2641
       1
    2548
    2309
    3401
      24
    2052
      10
    2228
    1965
      30
    2933
       1
    1294
      30
      18
    1614
    2279
    2950
    2565
    3234
    2590
    3857
       1
       1
       1
      19
      24
    1338
     971
    2554
       8
    2697
      20
    2559
      20
       1
    1677
      45
      27
    1871
       9
    2067
    1977
    1304
      18
    1563
       1
      15
      30
    1348
    1314
       9
      25
    1695
      24
    1118
      12
       1
      20
       6
      12
     120
    1748
    3270
    3179
    2210
    1719
    3032
       1
    2905
    1529
    1614
      24
       4
    1748
     152
    1748
    1748
      67
       1
    3173
    3103
    1719
    2841
      60
    1614
    2753
    2207
    2585
    3768
       1
    3123
    1913
    2826
    2866
      32
    2725
      48
    2475
    1607
    2782
       1
    2795
      72
    2542
    2814
      60
    2906
    3323
    2950
    4634
    4030
       1
    3327
    1294
      32
    1559
     790
    2906
    2279
    2693
    3281
    1294
       1
    3156
    2419
       8
    3712
    2998
    1607
    1943
      44
      33
    1614
       1
       1
    1647
      18
    1563
    1736
      32
      60
    1424
     808
       2
    3741
       1
     108
    3258
      60
    2542
      24
    1588
      12
    3315
    2488
    2368
       1
    3712
      48
    3614
    2668
    1887
     171
    3713
      84
     171
    1748
       3
      84
    2639
      60
    3317
      48
    3238
      76
      30
    2795
    3812
       1
    2498
    3182
      40
    3670
      32
      32
    1824
     971
    2492
    1772
       1
    4994
    4494
    1887
    2950
      32
    3744
      64
    1965
    2154
    1962
       1
    2004
     931
    2370
      36
      32
    1412
    1772
      54
      12
    2312
       1
    2730
    2388
    2826
    2167
    3822
      70
    2623
      21
    1745
    1294
       1
    2312
    2207
    1719
    2210
    3205
      84
    3856
      76
    4030
     120
       2
      81
    2558
      49
    3253
    1424
    3866
    3281
    1719
    3205
    2814
       1
       1
      10
    2352
      21
    1719
      38
      90
    2852
    1954
      48
      60
       1
    2841
    3123
    2548
    5328
    4853
    4053
    1784
      48
    1792
    1824
       1
    4012
    2953
    3092
      56
    2066
    1677
      40
    3470
    3803
    3744
       1
    2639
    3774
      96
      96
    3684
      67
    1748
    2841
    1614
    3192
       1
      72
    3228
    3670
    2542
      64
    3092
    2559
    2693
    1846
    2605
       1
    2135
    2087
      48
      40
      57
      48
      48
    1760
    2498
    1588
       1
    1258
    1814
      60
    2782
    3768
    2641
    3836
    2810
    3789
    1745
       1
      76
    1520
    1559
    2753
    2903
    2814
    3866
    1745
    4298
    3133
       1
    5546
    3712
    2475
    4030
    3707
     132
    3789
    3327
    2210
    2623
       1
    2725
    2910
    2142
    2167
    1913
    1529
    3151
      54
    3699
      70
       1
       1
    3228
      76
    1792
      57
    3897
      21
    4732
    4994
    2668
    3101
       1
      76
    3803
     120
    2228
    3238
     132
    4053
    3857
    2814
    3614
       1
      78
    2898
      21
    2368
    2309
    1974
     207
    2775
      58
    2814
       1
    2693
    1614
     145
    2542
    2841
     207
      72
    3904
      81
      96
       1
    3103
    4248
    2905
    2475
      30
    3724
    3370
      76
    4054
    3560
       1
    2087
    3339
      56
     120
    4105
    2370
    3101
    2950
    4319
    3005
       3
    2865
      57
    4348
    2845
    3699
    3182
    3339
      24
    2953
    2697
       2
    2727
    3320
     152
    3173
      60
    3103
    1748
     152
    3629
      60
       2
    2782
    2795
    4054
    1294
    2906
    2279
    2614
      67
    1954
    1614
       2
    1647
    1843
     109
    3173
    3580
    3032
    2786
      81
    3852
    3292
       1
       1
     120
    3179
    2947
     129
    2775
    3253
    3797
    4104
    1736
    3133
       1
    2419
    3856
    4891
    3292
    2810
    4030
    3822
    2866
    3320
    3580
       1
      70
    2312
    2207
     208
    2585
    1719
    3629
    3392
    2135
    2845
       1
     105
     120
    3736
    2004
    3897
    2492
    4105
     114
    3470
     180
       1
    3317
    3370
    1695
    4853
    2590
    3712
    3401
    4248
    1563
    2753
       2
    2903
    3315
    2623
    2181
     207
    2947
    1647
    2903
    2279
    2207
       2
    2795
    3103
     207
    3817
      94
    3005
     180
      42
     114
    4238
       2
    3392
    3151
    3812
      63
    3560
    4012
    2554
      81
    3713
     196
       1
     198
    2852
    2933
    2775
    3258
    2710
     242
    3904
    3179
    2947
       1
    3741
    3658
    2558
    3101
    2786
    2641
    2950
      92
    2826
    3123
       1
       1
    2905
    3270
    2475
      92
    2548
     159
      92
     145
    2548
    2475
       1
    3101
     913
      36
    2336
    4950
    2104
      81
    4396
    1904
    1268
       1
       4
    2986
     110
    3270
    3101
      30
    4274
    4891
    1294
    3707
       1
    1768
    1745
    3644
    4238
    2605
    4348
    3192
    1784
    1392
     120
       2
    3179
    1614
    2753
    2906
      44
    4564
    3817
    4319
    3774
    3270
       1
    3032
    3768
    3323
    2905
      24
    3123
    2950
    1748
    3088
    3280
       1
      32
    3088
    2974
      21
     114
    3797
    1563
    4298
    3156
    2226
       1
    2312
    4274
      97
    3836
    4634
    2388
    2826
    3938
     114
    3828
       1
     180
    1880
    2782
    3724
    1520
    5328
    3234
    3768
    2641
    3173
       1
     196
     198
    3708
    3324
    3088
    3032
    2786
      36
     147
      32
       1
       1
    3088
    3280
     148
   16974
   24862
   12752
     360
   20337
   10507
      96
       1
      16
   17780
   21978
   19091
   16685
      90
   25246
   24614
   10075
   21524
       1
     174
   14135
   21836
   23293
   13092
   21317
     144
   16834
   14405
   10365
       1
     240
   22540
   11378
   19888
   19172
      68
   27686
   21238
   21970
   22576
       1
      67
     144
   10242
    5206
   22589
   16563
   26863
   23338
    8993
   17417
       2
      48
   20628
   19343
   10365
   12969
   11248
     152
   12016
      60
   12074
       1
     144
    8752
   10018
    6034
      30
   18049
   16954
   21335
   19091
     243
       1
   22743
   22844
    7807
   18168
     203
   10682
   18049
   17780
     233
   16974
       1
   19103
     294
   21763
   21152
    7538
   26236
   17304
     216
   18208
   24461
       2
   20004
   22894
   26902
    7807
   18123
   17304
   11248
   11578
      70
    8925
       1
       1
    7538
   22124
   21984
   13796
   24819
     315
   20369
   12193
    8993
   22199
       1
   10323
   26555
   24503
     168
   25211
     342
   25510
     540
     270
   22082
       1
   19746
   10018
   33271
   23338
   10075
   24503
   19172
   14794
    5268
   10323
       1
   11378
     414
   20982
    8925
   19645
   18123
     184
   15742
   18208
   19103
       1
     207
   28532
   20840
   23821
   22748
     280
     342
   10378
   10242
   28817
       1
   25715
   25515
   33271
   12193
   23774
   36520
   20628
   14405
   25510
     653
       1
     594
   22748
   22576
   16974
   20369
   16834
     242
   15408
   13796
   13092
       1
   10507
   25247
   17601
   26048
   22894
   10682
   19645
   26236
   18168
   12730
       1
   22929
     184
   25515
   26863
   14135
   26555
   19888
   21524
   15914
   16974
       1
   28807
   26844
   21237
     270
   22343
     540
   28401
   24291
     210
   22929
       1
       1
   19746
   29064
   12074
   23774
   17417
   25211
     653
   22343
   23821
   21970
       1
   24819
   21317
     653
   28807
     378
   18049
   17780
   22124
   21836
   12752
       1
   27299
   22936
     313
   17601
   20004
   20982
   21152
   22844
   16954
   24291
       1
   12016
   25715
   16563
   22199
   22540
   24614
   21978
   17780
     930
   21237
       1
   20840
   21238
     368
   21984
   23293
   20337
   24862
   19091
     913
   28684
       1
   31976
   30016
     270
   36226
    9536
   26090
     280
   11484
   25890
   27299
       1
     210
   25247
   24461
    9632
   28401
   12346
   28817
   22589
   11612
   18049
       1
     653
   26844
   28532
   27686
   21335
   19091
   14668
   21763
   22743
   20902
       1
   25246
   22508
     828
  178943
  197949
  169586
    1080
  187719
   71206
  155807
       1
     630
   92104
  186935
  180938
     630
  182883
  173197
     609
  188820
   74561
       1
       1
  202855
  145345
     783
  164754
    2170
  161072
  203057
  194196
   71206
  175414
       1
  145345
     653
  108192
     378
   77562
   74561
  157740
  151756
     939
  157662
       2
  148460
     927
  118670
  150152
  148460
   57718
  166392
   77562
  189069
  175414
       2
     839
  166264
  164754
  173197
   80474
  118670
    3097
  175836
  202215
  203057
       1
   92104
  189069
  202855
  155807
  105436
  157662
  182883
    4992
  201524
    1656
       1
  175836
  161072
  166392
  188820
  187719
  178943
  151756
  180938
  169586
    4992
       1
  254874
    1656
  224150
  222326
   82316
  157740
  186935
  197949
   22247
 1661111
       1
    6624
 1640395
 1585119
    5482
 1407824
 1577096
 1585119
  733988
 1108300
 1407824
       1
 1640395
 1661111
 1833792
 15706840
       1
       1
       1
       1
       1
       1
       2
       1
       1
       1
       1
       1
       2
       1
       1
       1
       1
       1
       1
       1
       1
       1
       1
       1
       1
       1
       1
       1
       1
       1
       2
       1
       1
       1
       1
       1
       1
       1
       1
       1
       1
       1
       1
       1
       1
       1
       1
       1
       1
       2
       1
       1
       1
      16
      20
       1
       1
       1
       2
       1
       1
       2
       1
       1
       1
      16
       1
       1
       1
       1
       2
       2
       1
       1
       1
       1
       1
       1
       1
       1
       1
       1
       1
       1
       1
       1
       2
       2
       1
       2
       1
       1
       0
       1
       1
      16
      20
       1
       1
       1
      16
       1
      16
      16
       1
       3
       1
       1
       1
       1
       1
       1
       1
       1
       2
      20
       1
      21
       1
       1
       1
       2
       1
       1
       1
       1
       2
       2
       1
       1
       2
       1
       2
       1
       1
       1
       1
       1
       3
       1
       1
       1
       1
       1
       1
       2
       1
       2
       2
       2
       1
       1
       2
       2
       1
       2
       1
       1
       2
       1
       1
       1
       1
       1
       1
       1
       1
       1
       1
       2
       2
       1
       1
       1
       1
       1
       2
       1
       1
       1
       2
       1
       1
       1
       4
       1
      20
       2
       1
       1
       1
       1
       1
       4
      16
       1
       1
       1
       1
       1
       1
       1
       2
       1
       2
       1
       1
       1
       1
       1
       1
       1
       1
       2
       2
       2
       2
       2
       2
       2
       2
       1
       0
       1
       1
       1
       6
       2
       1
       1
       0
       0
       0
       1
       2
       1
       6
       1
       1
       2
       1
       1
       1
       1
       2
       2
       1
       1
       1
       2
       1
       1
       1
       1
       1
       1
       1
       1
       1
       1
       1
       2
       2
       1
       2
       2
       1
       1
       1
       1
       1
       1
       0
       2
       2
       1
       0
       6
       1
       1
       1
       2
       1
       2
       1
       1
      20
       1
       1
       2
       1
       2
       2
       2
       2
       1
       1
       2
       1
       2
       2
       1
       1
       3
       1
       1
       1
       1
       1
       1
       2
       2
       1
       2
       2
       2
       2
       2
       2
       1
       2
       3
       2
       1
       2
       2
       1
       1
       1
       2
       2
       2
       2
       2
       1
       1
       2
       1
       1
       2
       2
       2
       2
       1
       2
       2
       1
       2
       1
       2
       2
       2
       1
       2
       1
       2
       1
       1
       3
       1
       3
       1
       2
       2
       2
       2
       2
       2
       1
       2
       2
       1
       5
       1
       1
       1
       2
       2
       2
       1
       1
       2
       2
       3
       1
       1
       2
       1
       2
       2
       1
       2
       2
       1
       1
       6
       1
       1
       3
       1
       3
       1
      21
       2
       2
       1
       1
       1
       0
       1
       1
       1
       1
       1
       3
      16
       2
       1
       2
       3
       2
       2
       1
       1
       1
       1
       1
       2
       1
       1
       1
       1
       1
       2
       1
       2
       2
       2
       1
       3
       1
       1
       1
       3
       6
